Erkin Aydın ID: 22002956 Sec: 2

Random BST size vs. height (Insertion)
-----------------------------------------
100 13
200 16
300 17
400 20
500 20
600 21
700 22
800 22
900 22
1000 23
1100 23
1200 23
1300 23
1400 24
1500 24
1600 24
1700 25
1800 25
1900 25
2000 25
2100 25
2200 25
2300 26
2400 26
2500 26
2600 26
2700 27
2800 27
2900 27
3000 27
3100 27
3200 27
3300 27
3400 27
3500 27
3600 27
3700 28
3800 28
3900 28
4000 29
4100 29
4200 29
4300 29
4400 30
4500 30
4600 30
4700 30
4800 30
4900 30
5000 30
5100 30
5200 30
5300 30
5400 30
5500 30
5600 30
5700 30
5800 30
5900 30
6000 30
6100 30
6200 31
6300 31
6400 31
6500 31
6600 31
6700 32
6800 33
6900 33
7000 33
7100 33
7200 33
7300 33
7400 33
7500 33
7600 33
7700 33
7800 33
7900 33
8000 33
8100 33
8200 33
8300 33
8400 33
8500 33
8600 33
8700 33
8800 33
8900 33
9000 33
9100 33
9200 33
9300 33
9400 33
9500 33
9600 33
9700 33
9800 33
9900 33
10000 34
Random BST size vs. height (Deletion)
-----------------------------------------
9900 34
9800 34
9700 34
9600 34
9500 34
9400 34
9300 34
9200 34
9100 34
9000 34
8900 34
8800 34
8700 34
8600 34
8500 34
8400 34
8300 34
8200 34
8100 34
8000 34
7900 34
7800 34
7700 34
7600 34
7500 34
7400 34
7300 34
7200 34
7100 34
7000 34
6900 34
6800 33
6700 32
6600 32
6500 31
6400 31
6300 31
6200 31
6100 31
6000 31
5900 31
5800 31
5700 31
5600 31
5500 31
5400 31
5300 31
5200 31
5100 30
5000 30
4900 30
4800 30
4700 30
4600 30
4500 30
4400 30
4300 30
4200 30
4100 30
4000 30
3900 30
3800 30
3700 30
3600 29
3500 29
3400 29
3300 29
3200 29
3100 29
3000 29
2900 29
2800 29
2700 29
2600 29
2500 28
2400 28
2300 28
2200 28
2100 28
2000 27
1900 27
1800 27
1700 26
1600 25
1500 25
1400 25
1300 25
1200 24
1100 24
1000 24
900 24
800 23
700 22
600 21
500 21
400 18
300 16
200 16
100 12
0 0
